[[2.53732595e-03 2.09696360e-05 2.09696360e-05 ... 2.09696360e-05
  2.09696360e-05 2.09696360e-05]
 [2.65435048e-05 2.65435048e-05 2.65435048e-05 ... 2.65435048e-05
  2.65435048e-05 2.65435048e-05]
 [2.06577425e-05 2.06577425e-05 2.06577425e-05 ... 2.06577425e-05
  2.06577425e-05 2.06577425e-05]
 ...
 [3.79939210e-05 3.79939210e-05 3.79939210e-05 ... 3.79939210e-05
  3.79939210e-05 3.79939210e-05]
 [1.86282180e-05 1.86282180e-05 1.86282180e-05 ... 1.86282180e-05
  1.86282180e-05 1.86282180e-05]
 [4.65051388e-05 4.65051388e-05 4.65051388e-05 ... 4.65051388e-05
  4.65051388e-05 4.65051388e-05]]