[[1.41608598e-01 5.28522499e-02 1.11373568e-01 6.30683831e-02
  9.38348884e-02 1.20113381e-01 1.78929963e-01 2.13771111e-02
  6.38951222e-02 2.01960553e-02 1.30742884e-01 2.00779497e-03]
 [8.94195042e-02 5.92678321e-02 7.97344216e-02 7.67497107e-03
  3.33191204e-02 6.09124688e-03 6.74422854e-01 1.28525309e-02
  2.43649875e-03 1.85783030e-02 1.55326795e-02 6.70037157e-04]
 [1.14096430e-02 8.45785793e-02 1.89547295e-02 1.36547663e-02
  1.32499080e-03 4.42988590e-01 2.87191756e-01 3.90504233e-02
  4.96871550e-02 1.22193596e-02 3.85351491e-02 4.04858300e-04]
 [1.39847555e-01 1.50328181e-01 1.38259581e-01 9.63370739e-02
  1.37624391e-02 8.06690663e-02 4.02286682e-02 1.55621427e-02
  3.63116663e-02 2.94304467e-02 2.58945585e-01 3.17594749e-04]
 [2.30769231e-02 1.17496229e-01 6.77224736e-02 8.80844646e-02
  6.03318250e-04 1.57013575e-01 2.89441931e-01 1.96078431e-02
  5.26395173e-02 2.36802413e-02 1.60180995e-01 4.52488688e-04]
 [1.29333853e-02 2.50292170e-01 9.03778730e-03 1.88936502e-02
  5.45383716e-04 6.46669264e-03 6.15387612e-01 1.34008570e-02
  8.41449162e-03 1.59719517e-03 6.14725360e-02 1.55823919e-03]
 [2.64596148e-01 1.56801452e-02 2.28647777e-01 2.28227623e-02
  5.25192431e-02 1.41171725e-02 2.12177742e-01 9.71395919e-03
  1.77473026e-02 1.74784041e-02 1.44011966e-01 4.87378576e-04]
 [2.53436426e-01 6.84421535e-02 1.40034364e-01 3.20733104e-02
  3.37915235e-02 1.05956472e-02 3.81156930e-01 2.34822451e-02
  5.44100802e-03 6.87285223e-03 4.41008018e-02 5.72737686e-04]
 [8.17827780e-02 9.23121304e-03 4.96177701e-02 5.92816962e-02
  1.18274917e-02 1.41352950e-02 9.08697534e-03 8.65426222e-04
  9.37545074e-03 2.25010818e-02 7.32150584e-01 1.44237704e-04]
 [4.66719181e-02 1.91020087e-02 8.90114218e-02 3.07207562e-02
  8.07404490e-03 8.46790075e-02 4.15517920e-02 7.28633320e-03
  3.34777471e-03 8.86175660e-03 6.60299330e-01 3.93855849e-04]
 [7.15962441e-02 5.83765752e-02 1.65492958e-01 9.57190511e-02
  1.20150729e-02 1.76797628e-01 1.11162590e-01 1.26019274e-02
  3.90103781e-02 6.34420558e-02 1.93569311e-01 2.16209538e-04]
 [2.55639098e-01 7.51879699e-03 7.14285714e-02 1.50375940e-02
  2.25563910e-02 7.51879699e-03 1.05263158e-01 7.51879699e-03
  3.75939850e-03 7.51879699e-03 5.26315789e-02 4.43609023e-01]]